1120
1 8 3 5 6 7 8 939 956 964
2 4 3 9 10 15
3 7 1 2 8 9 10 956 973
4 5 5 11 16 938 970
5 7 1 4 6 11 938 964 970
6 5 1 5 7 11 13
7 5 1 6 8 10 13
8 4 1 3 7 10
9 6 2 3 15 39 949 973
10 7 2 3 7 8 13 14 15
11 6 4 5 6 12 13 16
12 11 11 13 16 227 922 934 937 952 959 968 970
13 16 6 7 10 11 12 14 112 113 211 213 214 215 218 222 227 229
14 4 10 13 15 112
15 6 2 9 10 14 39 112
16 4 4 11 12 970
17 6 23 42 48 51 53 54
18 4 21 32 44 50
19 6 20 38 54 55 57 169
20 5 19 33 38 156 169
21 9 18 27 33 38 44 46 50 118 149
22 7 24 35 45 49 56 97 100
23 6 17 35 40 47 53 54
24 6 22 30 35 40 45 47
25 8 26 28 30 36 41 45 52 58
26 5 25 34 36 52 1092
27 4 21 33 118 154
28 3 25 36 41
29 5 37 42 47 53 944
30 6 24 25 37 45 47 52
31 6 32 38 43 48 50 54
32 6 18 31 44 48 50 954
33 9 20 21 27 38 116 140 154 156 163
34 7 26 36 41 67 73 1092 1095
35 7 22 23 24 40 49 54 56
36 5 25 26 28 34 41
37 10 29 30 47 52 941 944 945 947 960 1092
38 7 19 20 21 31 33 50 54
39 7 9 15 46 101 112 949 973
40 4 23 24 35 47
41 8 25 28 34 36 58 59 67 97
42 9 17 29 48 53 942 943 944 953 954
43 4 31 48 51 54
44 5 18 21 32 46 954
45 6 22 24 25 30 58 97
46 9 21 39 44 101 144 149 949 951 954
47 7 23 24 29 30 37 40 53
48 7 17 31 32 42 43 51 954
49 3 22 35 56
50 5 18 21 31 32 38
51 4 17 43 48 54
52 5 25 26 30 37 1092
53 5 17 23 29 42 47
54 10 17 19 23 31 35 38 43 51 56 57
55 4 19 57 169 176
56 6 22 35 49 54 57 100
57 4 19 54 55 56
58 4 25 41 45 97
59 8 41 67 78 92 96 97 99 100
60 4 64 81 86 87
61 8 62 68 69 70 85 269 271 431
62 4 61 70 85 89
63 8 71 74 75 83 87 91 1071 1095
64 6 60 84 86 87 93 98
65 5 84 259 263 264 266
66 7 80 81 91 96 99 100 420
67 6 34 41 59 73 78 79
68 7 61 76 77 85 88 267 269
69 5 61 271 275 282 431
70 5 61 62 89 431 432
71 7 63 74 75 78 90 91 1095
72 5 82 89 95 98 432
73 4 34 67 79 1095
74 3 63 71 75
75 4 63 71 74 91
76 4 68 88 262 267
77 6 68 85 94 95 265 267
78 7 59 67 71 79 90 92 1095
79 4 67 73 78 1095
80 4 66 90 91 96
81 6 60 66 86 87 91 420
82 5 72 93 94 95 98
83 3 63 87 91
84 8 64 65 87 93 263 264 1071 1096
85 6 61 62 68 77 89 95
86 5 60 64 81 98 420
87 8 60 63 64 81 83 84 91 1071
88 4 68 76 262 269
89 6 62 70 72 85 95 432
90 6 71 78 80 91 92 96
91 9 63 66 71 75 80 81 83 87 90
92 4 59 78 90 96
93 6 64 82 84 94 98 264
94 6 77 82 93 95 264 265
95 6 72 77 82 85 89 94
96 6 59 66 80 90 92 99
97 6 22 41 45 58 59 100
98 7 64 72 82 86 93 420 432
99 4 59 66 96 100
100 7 22 56 59 66 97 99 420
101 8 39 46 104 105 109 110 112 144
102 5 104 105 107 135 144
103 10 108 109 110 111 117 121 127 128 152 160
104 6 101 102 105 107 135 144
105 5 101 102 104 107 109
106 2 108 111
107 6 102 104 105 109 128 135
108 4 103 106 111 160
109 6 101 103 105 107 110 128
110 5 101 103 109 111 112
111 6 103 106 108 110 112 113
112 8 13 14 15 39 101 110 111 113
113 5 13 111 112 211 215
114 5 125 132 146 150 151
115 6 120 129 134 144 149 154
116 7 33 120 133 135 140 142 154
117 3 103 127 160
118 5 21 27 136 149 154
119 4 122 124 145 155
120 6 115 116 129 133 134 154
121 5 103 126 127 152 160
122 6 119 124 139 145 148 167
123 7 130 138 139 153 157 158 160
124 8 119 122 132 146 155 164 167 168
125 8 114 128 132 137 141 147 150 155
126 5 121 152 157 158 160
127 4 103 117 121 160
128 10 103 107 109 125 135 137 141 142 150 152
129 5 115 120 133 135 144
130 4 123 131 153 160
131 4 130 153 160 161
132 5 114 124 125 146 155
133 4 116 120 129 135
134 5 115 120 136 149 154
135 9 102 104 107 116 128 129 133 142 144
136 4 118 134 149 154
137 3 125 128 150
138 5 123 139 145 158 159
139 7 122 123 138 145 148 153 158
140 7 33 116 142 143 151 163 166
141 4 125 128 147 152
142 6 116 128 135 140 150 151
143 5 140 146 151 165 166
144 8 46 101 102 104 115 129 135 149
145 6 119 122 138 139 155 159
146 7 114 124 132 143 151 164 165
147 5 125 141 152 155 159
148 5 122 139 153 161 167
149 7 21 46 115 118 134 136 144
150 6 114 125 128 137 142 151
151 6 114 140 142 143 146 150
152 8 103 121 126 128 141 147 158 159
153 6 123 130 131 139 148 161
154 8 27 33 115 116 118 120 134 136
155 7 119 124 125 132 145 147 159
156 4 20 33 163 169
157 4 123 126 158 160
158 7 123 126 138 139 152 157 159
159 6 138 145 147 152 155 158
160 10 103 108 117 121 123 126 127 130 131 157
161 4 131 148 153 167
162 5 163 165 166 169 171
163 6 33 140 156 162 166 169
164 4 124 146 165 168
165 7 143 146 162 164 166 168 171
166 5 140 143 162 163 165
167 5 122 124 148 161 168
168 7 124 164 165 167 171 175 436
169 9 19 20 55 156 162 163 170 171 176
170 3 169 171 173
171 7 162 165 168 169 170 173 175
172 4 173 174 175 436
173 4 170 171 172 175
174 3 172 175 436
175 6 168 171 172 173 174 436
176 2 55 169
177 6 178 181 183 184 185 189
178 4 177 179 185 189
179 4 178 185 189 226
180 2 181 182
181 4 177 180 183 184
182 1 180
183 2 177 181
184 5 177 181 185 220 224
185 7 177 178 179 184 224 226 228
186 6 188 189 197 202 205 936
187 2 188 189
188 6 186 187 189 205 208 631
189 9 177 178 179 186 187 188 226 935 936
190 8 191 194 196 197 202 660 711 714
191 5 190 194 199 204 711
192 5 199 204 638 709 711
193 4 201 635 653 682
194 6 190 191 197 204 925 936
195 4 200 204 206 709
196 5 190 198 202 203 714
197 5 186 190 194 202 936
198 5 196 202 203 205 208
199 5 191 192 204 638 711
200 6 195 206 709 724 820 910
201 6 193 203 207 208 635 653
202 6 186 190 196 197 198 205
203 9 196 198 201 207 208 653 665 668 714
204 8 191 192 194 195 199 206 709 925
205 5 186 188 198 202 208
206 6 195 200 204 910 911 925
207 6 201 203 208 630 631 635
208 7 188 198 201 203 205 207 631
209 2 217 219
210 3 211 215 216
211 6 13 113 210 215 216 218
212 5 214 216 219 222 223
213 3 13 214 222
214 6 13 212 213 216 218 222
215 4 13 113 210 211
216 6 210 211 212 214 218 219
217 2 209 219
218 4 13 211 214 216
219 4 209 212 216 217
220 5 184 221 222 224 225
221 5 220 222 224 228 229
222 8 13 212 213 214 220 221 223 229
223 2 212 222
224 5 184 185 220 221 228
225 1 220
226 10 179 185 189 227 228 924 927 933 934 935
227 6 12 13 226 228 229 934
228 6 185 221 224 226 227 229
229 5 13 221 222 227 228
230 7 232 233 240 243 246 254 1081
231 9 251 253 255 306 314 324 329 347 386
232 7 230 233 239 242 243 251 280
233 7 230 232 236 242 251 253 1081
234 6 236 247 250 253 1079 1085
235 4 237 248 255 347
236 5 233 234 253 1079 1081
237 6 235 239 242 248 251 255
238 7 244 247 324 666 792 822 1118
239 6 232 237 242 248 256 280
240 7 230 241 246 252 254 277 281
241 7 240 245 249 252 276 277 282
242 5 232 233 237 239 251
243 8 230 232 245 252 254 272 274 280
244 5 238 247 250 294 324
245 7 241 243 249 252 270 272 282
246 9 230 240 269 281 1070 1081 1087 1101 1105
247 6 234 238 244 250 1085 1118
248 5 235 237 239 256 347
249 3 241 245 252
250 6 234 244 247 253 294 379
251 8 231 232 233 237 242 253 255 324
252 6 240 241 243 245 249 254
253 8 231 233 234 236 250 251 324 379
254 4 230 240 243 252
255 5 231 235 237 251 347
256 8 239 248 274 278 280 322 347 389
257 5 259 260 264 265 268
258 3 259 261 266
259 8 65 257 258 261 264 266 268 1068
260 5 257 262 265 267 268
261 4 258 259 266 1068
262 6 76 88 260 267 268 269
263 4 65 84 266 1096
264 7 65 84 93 94 257 259 265
265 6 77 94 257 260 264 267
266 7 65 258 259 261 263 1068 1096
267 6 68 76 77 260 262 265
268 9 257 259 260 262 269 1061 1065 1068 1101
269 13 61 68 88 246 262 268 271 273 276 277 281 1087 1101
270 5 245 272 279 282 431
271 6 61 69 269 275 276 282
272 6 243 245 270 274 278 279
273 3 269 277 281
274 5 243 256 272 278 280
275 4 69 271 282 431
276 5 241 269 271 277 282
277 6 240 241 269 273 276 281
278 7 256 272 274 279 301 389 411
279 7 270 272 278 282 411 431 433
280 5 232 239 243 256 274
281 7 240 246 269 273 277 1087 1101
282 9 69 241 245 270 271 275 276 279 431
283 11 290 300 332 335 337 361 367 390 392 394 1120
284 5 289 365 373 391 419
285 5 310 315 318 364 401
286 6 297 330 349 366 374 384
287 6 298 307 321 343 460 464
288 4 293 296 338 402
289 5 284 301 391 411 419
290 4 283 337 357 361
291 8 323 328 333 357 360 361 376 384
292 5 327 336 339 353 398
293 7 288 296 300 319 335 338 392
294 4 244 250 324 379
295 7 317 356 359 378 437 440 448
296 6 288 293 297 335 352 402
297 9 286 296 305 323 330 335 352 376 384
298 8 287 302 307 310 315 321 350 395
299 5 310 328 344 350 395
300 7 283 293 303 319 351 392 1120
301 7 278 289 373 388 389 391 411
302 8 298 307 309 313 325 369 395 397
303 5 300 312 319 331 351
304 5 327 339 354 355 393
305 6 297 330 349 352 400 402
306 7 231 324 329 345 381 385 387
307 6 287 298 302 325 334 343
308 7 369 372 498 979 991 1035 1036
309 11 302 311 313 327 328 341 354 369 372 383 397
310 8 285 298 299 315 318 328 350 364
311 3 309 313 369
312 6 303 319 320 331 338 365
313 4 302 309 311 369
314 4 231 322 347 386
315 5 285 298 310 321 401
316 4 349 374 399 400
317 10 295 342 346 356 378 380 405 406 434 463
318 5 285 310 364 366 401
319 5 293 300 303 312 338
320 5 312 331 365 373 388
321 5 287 298 315 401 460
322 7 256 314 331 347 386 388 389
323 5 291 297 335 361 376
324 14 231 238 244 251 253 294 306 340 345 358 362 370 379 666
325 6 302 307 334 369 521 524
326 5 340 345 375 382 396
327 8 292 304 309 328 336 339 341 354
328 11 291 299 309 310 327 333 336 344 360 364 397
329 7 231 306 331 351 368 381 386
330 4 286 297 305 349
331 8 303 312 320 322 329 351 386 388
332 6 283 351 367 368 390 1119
333 4 291 328 336 357
334 6 307 325 343 377 508 524
335 7 283 293 296 297 323 361 392
336 7 292 327 328 333 337 357 398
337 6 283 290 336 357 394 398
338 6 288 293 312 319 365 402
339 6 292 304 327 353 375 393
340 6 324 326 345 358 362 396
341 2 309 327
342 4 317 346 380 466
343 7 287 307 334 377 438 446 464
344 4 299 328 395 397
345 8 306 324 326 340 367 382 385 387
346 4 317 342 405 466
347 7 231 235 248 255 256 314 322
348 5 354 363 371 372 383
349 6 286 305 316 330 374 400
350 4 298 299 310 395
351 8 300 303 329 331 332 368 1119 1120
352 4 296 297 305 402
353 7 292 339 367 375 382 394 398
354 7 304 309 327 348 355 363 383
355 4 304 354 363 393
356 4 295 317 437 463
357 7 290 291 333 336 337 361 398
358 7 324 340 362 363 370 371 396
359 2 295 378
360 4 291 328 364 384
361 6 283 290 291 323 335 357
362 4 324 340 358 370
363 7 348 354 355 358 371 393 396
364 7 285 310 318 328 360 366 384
365 7 284 312 320 338 373 402 419
366 6 286 318 364 374 384 401
367 8 283 332 345 353 368 382 387 394
368 6 329 332 351 367 381 387
369 9 302 308 309 311 313 325 372 498 521
370 5 324 358 362 371 666
371 6 348 358 363 370 372 666
372 9 308 309 348 369 371 383 666 991 1057
373 6 284 301 320 365 388 391
374 6 286 316 349 366 399 401
375 6 326 339 353 382 393 396
376 4 291 297 323 384
377 5 334 343 438 508 518
378 3 295 317 359
379 4 250 253 294 324
380 6 317 342 399 401 406 466
381 4 306 329 368 387
382 5 326 345 353 367 375
383 4 309 348 354 372
384 7 286 291 297 360 364 366 376
385 3 306 345 387
386 5 231 314 322 329 331
387 6 306 345 367 368 381 385
388 6 301 320 322 331 373 389
389 5 256 278 301 322 388
390 4 283 332 1119 1120
391 4 284 289 301 373
392 4 283 293 300 335
393 6 304 339 355 363 375 396
394 5 283 337 353 367 398
395 6 298 299 302 344 350 397
396 6 326 340 358 363 375 393
397 5 302 309 328 344 395
398 6 292 336 337 353 357 394
399 8 316 374 380 400 401 403 406 416
400 7 305 316 349 399 402 403 404
401 12 285 315 318 321 366 374 380 399 460 464 465 466
402 11 288 296 305 338 352 365 400 404 407 419 424
403 4 399 400 404 416
404 7 400 402 403 407 414 416 424
405 4 317 346 463 466
406 7 317 380 399 412 416 422 434
407 9 402 404 409 410 414 419 423 424 430
408 1 434
409 8 407 412 413 414 415 425 428 430
410 4 407 417 423 430
411 8 278 279 289 301 417 419 423 433
412 6 406 409 414 416 422 428
413 5 409 420 421 425 428
414 5 404 407 409 412 416
415 6 409 417 421 425 430 435
416 6 399 403 404 406 412 414
417 7 410 411 415 423 430 433 435
418 5 426 427 429 431 433
419 7 284 289 365 402 407 411 423
420 8 66 81 86 98 100 413 421 432
421 9 413 415 420 425 426 429 432 433 435
422 2 406 412
423 5 407 410 411 417 419
424 3 402 404 407
425 4 409 413 415 421
426 5 418 421 427 429 432
427 4 418 426 431 432
428 3 409 412 413
429 4 418 421 426 433
430 5 407 409 410 415 417
431 11 61 69 70 270 275 279 282 418 427 432 433
432 9 70 72 89 98 420 421 426 427 431
433 8 279 411 417 418 421 429 431 435
434 3 317 406 408
435 4 415 417 421 433
436 4 168 172 174 175
437 11 295 356 440 441 448 451 453 459 461 463 466
438 10 343 377 439 446 452 518 612 615 619 621
439 5 438 446 451 452 464
440 3 295 437 448
441 4 437 444 459 461
442 7 444 445 447 449 456 461 462
443 8 444 455 456 605 610 613 618 619
444 8 441 442 443 452 455 456 459 461
445 3 442 447 461
446 4 343 438 439 464
447 9 442 445 449 450 453 454 457 458 461
448 4 295 437 440 453
449 5 442 447 454 462 617
450 3 447 453 458
451 6 437 439 452 459 464 466
452 7 438 439 444 451 455 459 621
453 5 437 447 448 450 461
454 5 447 449 457 608 617
455 5 443 444 452 613 621
456 6 442 443 444 462 603 618
457 4 447 454 458 608
458 3 447 450 457
459 5 437 441 444 451 452
460 5 287 321 401 464 465
461 7 437 441 442 444 445 447 453
462 5 442 449 456 603 617
463 5 317 356 405 437 466
464 9 287 343 401 439 446 451 460 465 466
465 3 401 460 464
466 9 342 346 380 401 405 437 451 463 464
467 5 471 480 486 488 594
468 8 471 472 474 478 479 483 488 489
469 8 470 475 479 484 487 576 579 589
470 4 469 475 479 483
471 6 467 468 474 480 486 488
472 4 468 477 488 489
473 4 477 481 483 522
474 6 468 471 478 482 486 594
475 6 469 470 481 483 484 515
476 4 479 485 587 594
477 5 472 473 483 489 522
478 6 468 474 479 482 483 485
479 9 468 469 470 476 478 483 485 587 589
480 3 467 471 488
481 8 473 475 483 515 516 522 526 531
482 4 474 478 485 594
483 9 468 470 473 475 477 478 479 481 489
484 5 469 475 487 497 515
485 5 476 478 479 482 594
486 4 467 471 474 594
487 4 469 484 497 576
488 5 467 468 471 472 480
489 4 468 472 477 483
490 5 501 522 523 529 530
491 8 508 512 518 528 612 615 625 1109
492 3 496 512 528
493 3 508 510 514
494 6 505 507 516 529 530 622
495 2 497 505
496 6 492 512 514 520 528 1107
497 10 484 487 495 503 505 515 519 526 573 576
498 4 308 369 521 1036
499 3 509 527 1109
500 8 502 532 585 593 604 616 623 1109
501 4 490 522 523 531
502 8 500 507 517 532 606 609 616 622
503 5 497 519 573 595 596
504 5 513 520 550 602 1107
505 7 494 495 497 507 516 519 526
506 5 512 581 602 1107 1108
507 6 494 502 505 517 519 622
508 9 334 377 491 493 510 514 518 524 528
509 7 499 512 527 590 591 1108 1109
510 8 493 508 514 524 525 540 557 1036
511 2 514 528
512 9 491 492 496 506 509 528 1107 1108 1109
513 5 504 514 520 542 550
514 10 493 496 508 510 511 513 520 528 540 542
515 5 475 481 484 497 526
516 6 481 494 505 526 529 531
517 4 502 507 519 532
518 5 377 438 491 508 612
519 7 497 503 505 507 517 532 595
520 7 496 504 513 514 528 602 1107
521 6 325 369 498 524 525 1036
522 6 473 477 481 490 501 531
523 4 490 501 529 531
524 6 325 334 508 510 521 525
525 4 510 521 524 1036
526 5 481 497 505 515 516
527 6 499 509 591 592 593 1109
528 8 491 492 496 508 511 512 514 520
529 6 490 494 516 523 530 531
530 4 490 494 529 622
531 6 481 501 516 522 523 529
532 6 500 502 517 519 585 595
533 5 535 536 539 583 590
534 5 538 539 551 575 588
535 9 533 536 537 545 550 581 590 602 902
536 5 533 535 537 539 543
537 3 535 536 902
538 6 534 551 555 574 588 600
539 11 533 534 536 543 551 552 553 554 575 583 592
540 4 510 514 542 557
541 4 547 887 901 902
542 7 513 514 540 546 550 557 902
543 3 536 539 553
544 2 554 563
545 4 535 546 550 902
546 4 542 545 550 902
547 4 541 556 557 887
548 4 556 868 882 994
549 2 551 554
550 7 504 513 535 542 545 546 602
551 13 534 538 539 549 554 555 563 564 565 568 569 598 601
552 3 539 553 554
553 3 539 543 552
554 6 539 544 549 551 552 563
555 4 538 551 598 600
556 8 547 548 557 868 882 887 994 1036
557 8 510 540 542 547 556 887 902 1036
558 4 561 562 566 567
559 3 561 566 569
560 2 565 569
561 4 558 559 566 569
562 3 558 566 567
563 4 544 551 554 564
564 3 551 563 565
565 4 551 560 564 569
566 9 558 559 561 562 567 568 569 571 572
567 4 558 562 566 571
568 5 551 566 569 598 601
569 7 551 559 560 561 565 566 568
570 2 571 572
571 4 566 567 570 572
572 3 566 570 571
573 5 497 503 576 578 596
574 3 538 588 600
575 5 534 539 582 588 592
576 7 469 487 497 573 578 579 596
577 6 579 584 585 588 595 596
578 3 573 576 596
579 6 469 576 577 584 589 596
580 6 584 586 587 594 598 600
581 5 506 535 590 602 1108
582 4 575 585 588 592
583 5 533 539 590 591 592
584 7 577 579 580 587 588 589 600
585 8 500 532 577 582 588 592 593 595
586 6 580 587 594 597 598 599
587 7 476 479 580 584 586 589 594
588 9 534 538 574 575 577 582 584 585 600
589 5 469 479 579 584 587
590 7 509 533 535 581 583 591 1108
591 5 509 527 583 590 592
592 8 527 539 575 582 583 585 591 593
593 5 500 527 585 592 1109
594 9 467 474 476 482 485 486 580 586 587
595 6 503 519 532 577 585 596
596 7 503 573 576 577 578 579 595
597 3 586 598 599
598 9 551 555 568 580 586 597 599 600 601
599 4 586 597 598 601
600 7 538 555 574 580 584 588 598
601 4 551 568 598 599
602 7 504 506 520 535 550 581 1107
603 8 456 462 607 617 618 626 627 628
604 5 500 611 623 624 1109
605 4 443 613 619 621
606 7 502 609 614 616 622 627 628
607 7 603 610 614 618 620 624 628
608 4 454 457 617 626
609 4 502 606 616 622
610 6 443 607 611 618 619 624
611 5 604 610 619 624 1109
612 4 438 491 518 615
613 4 443 455 605 621
614 7 606 607 616 620 623 624 628
615 5 438 491 612 619 625
616 6 500 502 606 609 614 623
617 6 449 454 462 603 608 626
618 5 443 456 603 607 610
619 9 438 443 605 610 611 615 621 625 1109
620 3 607 614 624
621 6 438 452 455 605 613 619
622 8 494 502 507 530 606 609 626 627
623 5 500 604 614 616 624
624 7 604 607 610 611 614 620 623
625 4 491 615 619 1109
626 5 603 608 617 622 627
627 5 603 606 622 626 628
628 5 603 606 607 614 627
629 3 630 631 632
630 5 207 629 631 632 635
631 5 188 207 208 629 630
632 5 629 630 633 634 635
633 5 632 634 635 757 758
634 4 632 633 757 758
635 8 193 201 207 630 632 633 682 758
636 10 644 655 657 673 677 702 706 721 736 738
637 5 671 680 688 691 696
638 11 192 199 660 670 675 678 699 709 711 722 751
639 7 657 679 686 695 701 702 1047
640 6 642 650 715 755 1038 1043
641 4 675 698 709 722
642 7 640 647 650 659 685 715 742
643 7 663 725 735 739 747 983 1022
644 6 636 673 693 705 716 738
645 6 648 652 713 719 752 975
646 5 648 658 697 771 836
647 3 642 659 685
648 6 645 646 652 697 713 836
649 6 688 696 698 709 724 729
650 5 640 642 685 730 1043
651 7 672 675 688 698 708 716 744
652 6 645 648 719 726 746 836
653 7 193 201 203 663 668 682 694
654 5 723 728 749 1007 1047
655 6 636 706 734 738 748 754
656 4 674 716 718 738
657 7 636 639 702 706 737 754 1047
658 6 646 697 703 771 818 831
659 7 642 647 685 687 704 742 750
660 6 190 638 665 699 711 714
661 6 672 690 708 743 848 860
662 2 667 863
663 6 643 653 682 694 725 739
664 9 675 678 684 692 718 734 748 751 754
665 5 203 660 668 699 714
666 9 238 324 370 371 372 707 822 863 1057
667 5 662 703 707 818 863
668 10 203 653 665 669 687 694 699 732 733 742
669 4 668 715 733 742
670 9 638 678 684 692 699 700 704 745 750
671 5 637 688 690 691 741
672 7 651 661 705 708 744 753 860
673 8 636 644 705 721 753 791 806 860
674 4 656 718 734 738
675 9 638 641 651 664 698 716 718 722 751
676 5 747 983 1000 1026 1029
677 3 636 721 736
678 5 638 664 670 692 751
679 6 639 695 702 720 721 736
680 6 637 691 696 729 786 852
681 6 710 730 745 987 1043 1047
682 7 193 635 653 663 712 725 758
683 5 689 712 756 758 1022
684 6 664 670 692 710 745 754
685 6 642 647 650 659 704 730
686 4 639 695 701 731
687 5 659 668 699 742 750
688 9 637 649 651 671 696 698 708 741 743
689 4 683 712 725 1022
690 7 661 671 691 741 743 809 848
691 7 637 671 680 690 788 809 852
692 5 664 670 678 684 751
693 4 644 705 716 744
694 5 653 663 668 732 739
695 6 639 679 686 720 731 740
696 6 637 649 680 688 698 729
697 6 646 648 658 703 713 727
698 7 641 649 651 675 688 696 709
699 8 638 660 665 668 670 687 700 750
700 3 670 699 750
701 8 639 686 723 731 749 977 1034 1047
702 5 636 639 657 679 736
703 6 658 667 697 707 727 818
704 6 659 670 685 730 745 750
705 6 644 672 673 693 744 753
706 4 636 655 657 754
707 9 666 667 703 713 727 863 1017 1045 1057
708 5 651 661 672 688 743
709 10 192 195 200 204 638 641 649 698 722 724
710 7 681 684 737 745 754 987 1047
711 6 190 191 192 199 638 660
712 5 682 683 689 725 758
713 7 645 648 697 707 727 752 1045
714 5 190 196 203 660 665
715 7 640 642 669 732 733 742 755
716 8 644 651 656 675 693 718 738 744
717 8 720 721 726 740 746 785 791 841
718 6 656 664 674 675 716 734
719 7 645 652 731 740 746 975 1034
720 6 679 695 717 721 736 740
721 8 636 673 677 679 717 720 736 791
722 4 638 641 675 709
723 7 654 701 728 749 977 997 1052
724 6 200 649 709 729 820 910
725 6 643 663 682 689 712 1022
726 6 652 717 746 785 836 841
727 4 697 703 707 713
728 4 654 723 997 1007
729 7 649 680 696 724 786 820 852
730 6 650 681 685 704 745 1043
731 6 686 695 701 719 740 1034
732 7 668 694 715 733 739 755 1029
733 4 668 669 715 732
734 6 655 664 674 718 738 748
735 4 643 739 747 1029
736 6 636 677 679 702 720 721
737 4 657 710 754 1047
738 7 636 644 655 656 674 716 734
739 6 643 663 694 732 735 1029
740 6 695 717 719 720 731 746
741 4 671 688 690 743
742 6 642 659 668 669 687 715
743 5 661 688 690 708 741
744 5 651 672 693 705 716
745 6 670 681 684 704 710 730
746 5 652 717 719 726 740
747 5 643 676 735 983 1029
748 4 655 664 734 754
749 4 654 701 723 1047
750 6 659 670 687 699 700 704
751 5 638 664 675 678 692
752 4 645 713 975 1045
753 4 672 673 705 860
754 8 655 657 664 684 706 710 737 748
755 6 640 715 732 1029 1038 1043
756 6 683 757 758 984 992 1022
757 7 633 634 756 758 900 905 992
758 8 633 634 635 682 683 712 756 757
759 5 761 781 796 833 861
760 6 779 799 802 826 827 862
761 7 759 764 767 781 796 826 864
762 6 819 821 830 907 1082 1116
763 7 794 799 823 1064 1091 1104 1117
764 5 761 796 826 858 861
765 8 781 802 808 829 845 864 1111 1114
766 8 816 830 907 966 1074 1075 1082 1106
767 4 761 802 826 864
768 4 837 843 865 1112
769 5 792 803 822 856 863
770 6 773 782 783 825 853 855
771 8 646 658 831 836 841 842 844 854
772 4 792 858 1066 1117
773 4 770 853 855 907
774 4 782 801 853 907
775 7 778 806 807 834 839 848 860
776 4 812 817 844 865
777 4 784 846 907 1112
778 6 775 806 839 842 844 854
779 6 760 790 802 829 845 862
780 6 803 804 814 817 851 857
781 9 759 761 765 805 808 832 833 864 1113
782 8 770 774 800 801 825 853 915 931
783 5 770 797 798 825 855
784 5 777 808 846 907 1114
785 5 717 726 791 841 854
786 7 680 729 789 800 810 852 931
787 6 795 812 834 839 850 865
788 7 691 789 795 800 807 809 852
789 4 786 788 800 852
790 6 779 829 835 862 1111 1115
791 6 673 717 721 785 806 854
792 10 238 769 772 822 824 856 858 861 1066 1118
793 5 795 800 801 837 850
794 5 763 799 811 1072 1091
795 7 787 788 793 800 807 834 850
796 4 759 761 764 861
797 6 783 798 825 908 909 915
798 6 783 797 855 907 909 920
799 8 760 763 794 811 823 826 827 849
800 8 782 786 788 789 793 795 801 931
801 7 774 782 793 800 837 907 1112
802 7 760 765 767 779 826 845 864
803 6 769 780 804 851 856 863
804 4 780 803 814 856
805 6 781 815 832 833 840 857
806 7 673 775 778 791 839 854 860
807 6 775 788 795 809 834 848
808 7 765 781 784 838 846 1113 1114
809 5 690 691 788 807 848
810 6 786 820 852 914 928 931
811 5 794 799 849 1072 1110
812 6 776 787 839 844 850 865
813 7 828 847 849 862 866 1082 1086
814 7 780 804 815 824 856 857 861
815 5 805 814 833 857 861
816 4 766 819 830 1082
817 10 776 780 831 838 840 844 851 857 859 865
818 7 658 667 703 831 851 859 863
819 4 762 816 830 1082
820 8 200 724 729 810 852 910 911 914
821 5 762 907 1111 1115 1116
822 5 238 666 769 792 863
823 4 763 799 826 1117
824 4 792 814 856 861
825 5 770 782 783 797 915
826 9 760 761 764 767 799 802 823 858 1117
827 4 760 799 849 862
828 8 813 849 866 1069 1078 1086 1102 1110
829 5 765 779 790 845 1111
830 5 762 766 816 819 907
831 6 658 771 817 818 844 859
832 5 781 805 838 840 1113
833 5 759 781 805 815 861
834 5 775 787 795 807 839
835 5 790 847 862 1115 1116
836 6 646 648 652 726 771 841
837 7 768 793 801 850 865 907 1112
838 8 808 817 832 840 843 846 865 1113
839 7 775 778 787 806 812 834 844
840 5 805 817 832 838 857
841 6 717 726 771 785 836 854
842 4 771 778 844 854
843 5 768 838 846 865 1112
844 8 771 776 778 812 817 831 839 842
845 4 765 779 802 829
846 6 777 784 808 838 843 1112
847 5 813 835 862 1082 1116
848 6 661 690 775 807 809 860
849 8 799 811 813 827 828 862 866 1110
850 6 787 793 795 812 837 865
851 6 780 803 817 818 859 863
852 8 680 691 729 786 788 789 810 820
853 5 770 773 774 782 907
854 7 771 778 785 791 806 841 842
855 5 770 773 783 798 907
856 6 769 792 803 804 814 824
857 6 780 805 814 815 817 840
858 6 764 772 792 826 861 1117
859 4 817 818 831 851
860 7 661 672 673 753 775 806 848
861 9 759 764 792 796 814 815 824 833 858
862 8 760 779 790 813 827 835 847 849
863 9 662 666 667 707 769 803 818 822 851
864 5 761 765 767 781 802
865 9 768 776 787 812 817 837 838 843 850
866 3 813 828 849
867 8 870 877 884 890 894 896 899 904
868 10 548 556 871 873 879 882 883 887 896 898
869 6 870 873 875 876 892 1009
870 8 867 869 874 875 876 884 889 894
871 4 868 885 896 898
872 4 886 888 897 900
873 8 868 869 882 892 898 994 1009 1042
874 6 870 880 884 889 891 905
875 7 869 870 886 888 889 1009 1013
876 5 869 870 892 894 895
877 5 867 878 894 895 896
878 6 877 885 892 895 896 898
879 4 868 883 893 896
880 3 874 891 905
881 4 888 889 900 905
882 5 548 556 868 873 994
883 4 868 879 887 893
884 5 867 870 874 891 899
885 4 871 878 896 898
886 5 872 875 888 897 1013
887 10 541 547 556 557 868 883 893 901 902 903
888 6 872 875 881 886 889 900
889 6 870 874 875 881 888 905
890 1 867
891 4 874 880 884 899
892 6 869 873 876 878 895 898
893 7 879 883 887 896 903 904 906
894 5 867 870 876 877 895
895 5 876 877 878 892 894
896 9 867 868 871 877 878 879 885 893 904
897 7 872 886 900 1003 1010 1013 1048
898 6 868 871 873 878 885 892
899 3 867 884 891
900 9 757 872 881 888 897 905 986 992 1048
901 4 541 887 902 903
902 9 535 537 541 542 545 546 557 887 901
903 5 887 893 901 904 906
904 5 867 893 896 903 906
905 6 757 874 880 881 889 900
906 3 893 903 904
907 20 762 766 773 774 777 784 798 801 821 830 837 853 855 913 920 922 966 1111 1112 1114
908 6 797 909 915 925 928 929
909 6 797 798 908 912 920 929
910 5 200 206 724 820 911
911 5 206 820 910 914 925
912 4 909 920 929 932
913 7 907 916 917 920 922 923 932
914 5 810 820 911 925 928
915 6 782 797 825 908 928 931
916 5 913 917 919 923 932
917 3 913 916 932
918 4 919 926 930 932
919 5 916 918 923 930 932
920 6 798 907 909 912 913 932
921 4 922 923 930 933
922 9 12 907 913 921 923 933 934 966 968
923 6 913 916 919 921 922 930
924 3 226 927 935
925 10 194 204 206 908 911 914 928 929 932 936
926 6 918 927 930 932 933 935
927 5 226 924 926 933 935
928 6 810 908 914 915 925 931
929 5 908 909 912 925 932
930 6 918 919 921 923 926 933
931 6 782 786 800 810 915 928
932 12 912 913 916 917 918 919 920 925 926 929 935 936
933 7 226 921 922 926 927 930 934
934 5 12 226 227 922 933
935 7 189 226 924 926 927 932 936
936 7 186 189 194 197 925 932 935
937 6 12 948 952 959 971 1092
938 9 4 5 940 947 958 963 964 970 972
939 4 1 956 964 969
940 4 938 963 967 970
941 5 37 945 958 960 963
942 5 42 943 951 953 954
943 7 42 942 944 946 950 953 957
944 6 29 37 42 943 947 950
945 4 37 941 947 958
946 4 943 953 957 965
947 7 37 938 944 945 950 958 972
948 7 937 952 955 960 963 967 1092
949 5 9 39 46 951 973
950 6 943 944 947 957 969 972
951 8 46 942 949 953 954 961 965 973
952 5 12 937 948 967 970
953 6 42 942 943 946 951 965
954 7 32 42 44 46 48 942 951
955 3 948 960 1092
956 6 1 3 939 961 969 973
957 6 943 946 950 961 965 969
958 5 938 941 945 947 963
959 5 12 937 962 968 971
960 6 37 941 948 955 963 1092
961 6 951 956 957 965 969 973
962 5 959 968 971 1062 1088
963 7 938 940 941 948 958 960 967
964 6 1 5 938 939 969 972
965 5 946 951 953 957 961
966 6 766 907 922 968 1062 1075
967 5 940 948 952 963 970
968 6 12 922 959 962 966 1062
969 7 939 950 956 957 961 964 972
970 8 4 5 12 16 938 940 952 967
971 6 937 959 962 1067 1088 1092
972 5 938 947 950 964 969
973 7 3 9 39 949 951 956 961
974 4 997 1019 1041 1049
975 6 645 719 752 1034 1045 1054
976 5 985 1016 1021 1039 1059
977 6 701 723 1012 1034 1051 1052
978 5 981 998 1014 1015 1046
979 8 308 980 995 1002 1005 1035 1036 1055
980 4 979 1002 1015 1055
981 6 978 998 1006 1030 1033 1046
982 3 988 1009 1013
983 7 643 676 747 1000 1001 1022 1044
984 5 756 992 1001 1022 1044
985 6 976 996 1026 1039 1048 1059
986 4 900 992 996 1048
987 11 681 710 993 1007 1025 1027 1028 1032 1038 1043 1047
988 6 982 1009 1010 1013 1024 1060
989 6 1004 1005 1031 1037 1049 1050
990 4 997 1012 1019 1052
991 5 308 372 1018 1035 1057
992 8 756 757 900 984 986 996 1023 1044
993 6 987 1006 1028 1031 1032 1050
994 11 548 556 873 882 995 1020 1024 1036 1042 1055 1060
995 5 979 994 1020 1036 1055
996 6 985 986 992 1023 1026 1048
997 8 723 728 974 990 1007 1019 1049 1052
998 8 978 981 1011 1014 1025 1032 1033 1039
999 4 1025 1026 1029 1038
1000 5 676 983 1023 1026 1044
1001 4 983 984 1022 1044
1002 7 979 980 1005 1015 1040 1046 1055
1003 4 897 1010 1048 1059
1004 6 989 1005 1012 1019 1037 1041
1005 11 979 989 1002 1004 1006 1012 1030 1031 1035 1040 1053
1006 7 981 993 1005 1030 1031 1032 1033
1007 7 654 728 987 997 1028 1047 1049
1008 5 1017 1051 1054 1057 1058
1009 8 869 873 875 982 988 1013 1024 1042
1010 7 897 988 1003 1013 1056 1059 1060
1011 4 998 1025 1027 1032
1012 11 977 990 1004 1005 1018 1019 1034 1035 1051 1052 1057
1013 7 875 886 897 982 988 1009 1010
1014 6 978 998 1015 1016 1021 1039
1015 7 978 980 1002 1014 1021 1046 1055
1016 4 976 1014 1021 1039
1017 5 707 1008 1045 1054 1057
1018 4 991 1012 1035 1057
1019 6 974 990 997 1004 1012 1041
1020 3 994 995 1055
1021 6 976 1014 1015 1016 1055 1059
1022 8 643 683 689 725 756 983 984 1001
1023 5 992 996 1000 1026 1044
1024 5 988 994 1009 1042 1060
1025 8 987 998 999 1011 1026 1027 1038 1039
1026 9 676 985 996 999 1000 1023 1025 1029 1039
1027 4 987 1011 1025 1032
1028 5 987 993 1007 1049 1050
1029 9 676 732 735 739 747 755 999 1026 1038
1030 5 981 1005 1006 1046 1053
1031 5 989 993 1005 1006 1050
1032 7 987 993 998 1006 1011 1027 1033
1033 4 981 998 1006 1032
1034 8 701 719 731 975 977 1012 1051 1054
1035 6 308 979 991 1005 1012 1018
1036 10 308 498 510 521 525 556 557 979 994 995
1037 4 989 1004 1041 1049
1038 7 640 755 987 999 1025 1029 1043
1039 7 976 985 998 1014 1016 1025 1026
1040 4 1002 1005 1046 1053
1041 5 974 1004 1019 1037 1049
1042 4 873 994 1009 1024
1043 7 640 650 681 730 755 987 1038
1044 6 983 984 992 1000 1001 1023
1045 6 707 713 752 975 1017 1054
1046 7 978 981 1002 1015 1030 1040 1053
1047 10 639 654 657 681 701 710 737 749 987 1007
1048 7 897 900 985 986 996 1003 1059
1049 8 974 989 997 1007 1028 1037 1041 1050
1050 5 989 993 1028 1031 1049
1051 6 977 1008 1012 1034 1054 1057
1052 5 723 977 990 997 1012
1053 4 1005 1030 1040 1046
1054 6 975 1008 1017 1034 1045 1051
1055 11 979 980 994 995 1002 1015 1020 1021 1056 1059 1060
1056 4 1010 1055 1059 1060
1057 10 372 666 707 991 1008 1012 1017 1018 1051 1058
1058 2 1008 1057
1059 8 976 985 1003 1010 1021 1048 1055 1056
1060 6 988 994 1010 1024 1055 1056
1061 8 268 1063 1065 1068 1072 1091 1097 1100
1062 5 962 966 968 1075 1088
1063 4 1061 1065 1091 1104
1064 5 763 1066 1083 1104 1117
1065 5 268 1061 1063 1101 1104
1066 10 772 792 1064 1077 1083 1084 1085 1105 1117 1118
1067 6 971 1071 1073 1088 1092 1095
1068 7 259 261 266 268 1061 1096 1097
1069 4 828 1074 1086 1102
1070 6 246 1077 1079 1081 1090 1105
1071 9 63 84 87 1067 1073 1089 1095 1096 1099
1072 8 794 811 1061 1076 1078 1091 1100 1110
1073 7 1067 1071 1088 1089 1093 1094 1098
1074 7 766 1069 1082 1086 1094 1102 1106
1075 6 766 966 1062 1088 1093 1106
1076 5 1072 1078 1080 1100 1102
1077 6 1066 1070 1079 1085 1090 1105
1078 5 828 1072 1076 1102 1110
1079 7 234 236 1070 1077 1081 1085 1090
1080 5 1076 1094 1098 1100 1102
1081 6 230 233 236 246 1070 1079
1082 10 762 766 813 816 819 847 1074 1086 1106 1116
1083 4 1064 1066 1084 1104
1084 6 1066 1083 1087 1101 1104 1105
1085 6 234 247 1066 1077 1079 1118
1086 5 813 828 1069 1074 1082
1087 6 246 269 281 1084 1101 1105
1088 7 962 971 1062 1067 1073 1075 1093
1089 7 1071 1073 1097 1098 1099 1100 1103
1090 3 1070 1077 1079
1091 6 763 794 1061 1063 1072 1104
1092 11 26 34 37 52 937 948 955 960 971 1067 1095
1093 5 1073 1075 1088 1094 1106
1094 7 1073 1074 1080 1093 1098 1102 1106
1095 9 34 63 71 73 78 79 1067 1071 1092
1096 7 84 263 266 1068 1071 1097 1099
1097 7 1061 1068 1089 1096 1099 1100 1103
1098 5 1073 1080 1089 1094 1100
1099 4 1071 1089 1096 1097
1100 8 1061 1072 1076 1080 1089 1097 1098 1103
1101 8 246 268 269 281 1065 1084 1087 1104
1102 7 828 1069 1074 1076 1078 1080 1094
1103 3 1089 1097 1100
1104 8 763 1063 1064 1065 1083 1084 1091 1101
1105 6 246 1066 1070 1077 1084 1087
1106 6 766 1074 1075 1082 1093 1094
1107 7 496 504 506 512 520 602 1108
1108 6 506 509 512 581 590 1107
1109 11 491 499 500 509 512 527 593 604 611 619 625
1110 5 811 828 849 1072 1078
1111 7 765 790 821 829 907 1114 1115
1112 7 768 777 801 837 843 846 907
1113 4 781 808 832 838
1114 5 765 784 808 907 1111
1115 5 790 821 835 1111 1116
1116 6 762 821 835 847 1082 1115
1117 7 763 772 823 826 858 1064 1066
1118 5 238 247 792 1066 1085
1119 4 332 351 390 1120
1120 5 283 300 351 390 1119
